6 5 16 8 1 2 3 7 4 9 10 11 12 13 15 14 
9 11 2 12 4 6 5 10 1 13 15 14 3 7 8 16 
13 15 1 3 8 9 11 14 2 7 12 16 4 6 5 10 
7 10 14 4 12 13 15 16 3 6 8 5 1 2 9 11 
1 2 3 7 6 5 16 8 10 4 9 13 11 14 12 15 
4 6 5 10 9 11 2 12 8 14 3 15 16 1 7 13 
8 9 11 14 13 15 1 3 12 16 5 7 2 4 10 6 
12 13 15 16 7 10 14 4 11 1 6 2 5 8 3 9 
2 1 4 9 3 14 10 11 6 5 16 8 15 12 13 7 
3 7 10 5 15 4 8 13 9 11 2 12 14 16 6 1 
11 14 8 6 16 7 12 2 13 15 1 3 10 9 4 5 
15 16 12 13 5 1 6 9 7 10 14 4 8 3 11 2 
10 3 7 1 11 12 13 15 14 2 4 9 6 5 16 8 
14 8 13 15 10 16 4 1 5 3 7 6 9 11 2 12 
5 4 9 2 14 8 7 6 16 12 11 10 13 15 1 3 
16 12 6 11 2 3 9 5 15 8 13 1 7 10 14 4 
